0.5716733947749257,0.2917206184781781,0.03975931144793968,0.0968466752989565,0.15172518851397668,0.8477416406428517,0.0005331708431716048,0.4607738593952319,0.5392261406047681,0,Botnet
0.3185419968304279,0.508716323296355,0.07765451664025357,0.09508716323296355,0.04120443740095087,0.803486529318542,0.15530903328050713,0.8288431061806656,0.17115689381933438,0,Botnet
0.5803715803715803,0.2745272745272745,0.05791505791505792,0.08718608718608718,0.20499620499620497,0.794046794046794,0.0009570009570009571,0.5403755403755404,0.45962445962445964,0,Botnet
0.30131004366812225,0.1703056768558952,0.1724890829694323,0.3558951965065502,0.15283842794759825,0.8395196506550218,0.007641921397379913,0.7478165938864629,0.2521834061135371,0,Botnet
0.29933110367892973,0.5183946488294314,0.0802675585284281,0.1020066889632107,0,0.8545150501672241,0.14548494983277593,0.8327759197324415,0.16722408026755853,0,Botnet
0.5666342727567217,0.3302883057985099,0.06815678652413347,0.03492063492063492,0.8465824425008098,0.15280207321023648,0.0006154842889536768,0.9899578879170715,0.01004211208292841,0,Botnet
0.4634146341463415,0.4390243902439025,0.0975609756097561,0,0.4878048780487805,0.5121951219512195,0,0.4878048780487805,0.5121951219512195,0,Botnet
0.0030002000133342224,0.0011334088939262618,0.008333888925928396,0.9875325021668111,0.9978665244349624,0.002133475565037669,0,0.7423828255217014,0.25761717447829857,0,Botnet
0.0028668577905193683,0.0045003000200013335,0.007500500033335555,0.9851323421561438,0.9958663910927394,0.004133608907260484,0,0.7542502833522235,0.24574971664777653,0,Botnet
0.576923076923077,0.34615384615384615,0.05769230769230769,0.019230769230769232,0.7692307692307692,0.23076923076923075,0,0.7884615384615384,0.21153846153846154,0,Botnet
0.004874390701162355,0.0011248593925759281,0.005624296962879641,0.9883764529433821,0.9996250468691413,0.0003749531308586427,0,0.7352830896137982,0.2647169103862017,0,Botnet
0.2946564885496183,0.27404580152671754,0.09694656488549619,0.33435114503816793,0.3748091603053435,0.6213740458015267,0.0038167938931297713,0.3801526717557252,0.6198473282442748,0,Botnet
0.00316687779185279,0.0020334688979265284,0.008700580038669244,0.9860990732715514,0.9974998333222215,0.0025001666777785185,0,0.7543836255750384,0.24561637442496168,0,Botnet
0.30395181430879975,0.003966505068312032,0.00029381519024533566,0.6917878654326428,0.7812545908623476,0.21874540913765242,0,0.9988247392390187,0.0011752607609813426,0,Botnet
0.25,0.375,0.125,0.25,0.125,0.875,0,0.125,0.875,0,Botnet
0.9823929571828731,0.01760704281712685,0,0,0.9991996798719488,0.0008003201280512205,0,0.6646658663465387,0.3353341336534614,0,Botnet
0.49411764705882355,0.3764705882352941,0.09411764705882353,0.03529411764705882,0.7,0.3,0,0.5294117647058824,0.4705882352941177,0,Botnet
0.42857142857142855,0.14285714285714288,0.07142857142857144,0.35714285714285715,1,0,0,1,0,0,Botnet
0.5158501440922191,0.2708933717579251,0.1239193083573487,0.0893371757925072,0.5389048991354467,0.45821325648414984,0.0028818443804034585,0.5936599423631124,0.40634005763688763,0,Botnet
0.2226890756302521,0.3739495798319328,0.21008403361344538,0.19327731092436973,0.680672268907563,0.31932773109243695,0,0.6974789915966386,0.3025210084033613,0,Botnet
0.7493261455525606,0.16711590296495957,0.0646900269541779,0.018867924528301886,0.8140161725067385,0.18598382749326145,0,0.5256064690026954,0.47439353099730464,0,Botnet
0.4083769633507853,0.4502617801047121,0.09424083769633508,0.04712041884816754,1,0,0,1,0,0,Botnet
0.6,0.3194444444444444,0.05277777777777778,0.027777777777777776,0.6805555555555556,0.3194444444444444,0,0.6305555555555555,0.3694444444444444,0,Botnet
0.7688172043010753,0.1747311827956989,0.04032258064516129,0.016129032258064516,0.8575268817204301,0.1424731182795699,0,0.5268817204301075,0.4731182795698925,0,Botnet
0.43065693430656937,0.4598540145985402,0.072992700729927,0.0364963503649635,0.9927007299270073,0.0072992700729927005,0,1,0,0,Botnet
0.6282467532467533,0.2840909090909091,0.0551948051948052,0.032467532467532464,0.7224025974025975,0.27759740259740256,0,0.6136363636363636,0.38636363636363635,0,Botnet
0.7412398921832885,0.19137466307277629,0.04582210242587601,0.021563342318059297,0.889487870619946,0.1105121293800539,0,0.5256064690026954,0.47439353099730464,0,Botnet
0.6741071428571429,0.20982142857142858,0.08035714285714286,0.03571428571428572,0.625,0.375,0,0.5669642857142857,0.4330357142857143,0,Botnet
0.8010752688172044,0.12903225806451613,0.05376344086021505,0.016129032258064516,0.8279569892473119,0.17204301075268816,0,0.5268817204301075,0.4731182795698925,0,Botnet
0.7412398921832885,0.18598382749326145,0.04582210242587601,0.026954177897574122,0.8679245283018868,0.1320754716981132,0,0.5256064690026954,0.47439353099730464,0,Botnet
0.8632701937731331,0.11256259525364685,0.016546919224907468,0.00762029174831265,0.9137818419333769,0.08621815806662311,0,0.8558676246462008,0.14413237535379925,0,Normal
0.7367303609341826,0.18259023354564757,0.06369426751592357,0.016985138004246284,0.8237791932059448,0.17622080679405522,0,0.5690021231422505,0.4309978768577495,0,Botnet
0.2602739726027397,0.5410958904109588,0.1095890410958904,0.08904109589041095,0.9931506849315069,0.00684931506849315,0,1,0,0,Botnet
0.0851063829787234,0.39574468085106385,0.35744680851063826,0.16170212765957448,1,0,0,1,0,0,Normal
0.0851063829787234,0.39574468085106385,0.35744680851063826,0.16170212765957448,1,0,0,1,0,0,Normal
0.7667560321715818,0.19481680071492405,0.027703306523681862,0.010723860589812333,0.7926720285969615,0.2073279714030384,0,0.7149240393208222,0.28507596067917784,0,Normal
0.739413680781759,0.14657980456026057,0.0770901194353963,0.03691639522258414,0.9413680781758957,0.05863192182410423,0,0.24429967426710097,0.755700325732899,0,Normal
0.8873466752743705,0.09199483537766301,0.015493867010974821,0.005164622336991608,0.9883795997417688,0.011620400258231117,0,0.33795997417688833,0.6620400258231116,0,Normal
0.0851063829787234,0.39574468085106385,0.35744680851063826,0.16170212765957448,1,0,0,1,0,0,Normal
0.5352112676056339,0.3626760563380282,0.06690140845070423,0.035211267605633804,0.7265258215962441,0.27230046948356806,0.0011737089201877935,0.06807511737089202,0.931924882629108,0,Normal
0.9583333333333333,0.04166666666666667,0,0,0.08333333333333334,0.7222222222222223,0.19444444444444442,0.5,0.5,0,Normal
0.7364341085271318,0.2248062015503876,0.032769556025369975,0.005990133897110641,0.01233262861169838,0.9795630725863284,0.008104298801973222,0.700493305144468,0.29950669485553205,0,Normal
0.768598995295431,0.17582329957738618,0.042739813412008616,0.012837891715174228,0.9283948648433139,0.07160513515668607,0,0.7828721792520532,0.21712782074794673,0,Normal
